Accuracy: 0.9796546399295145
Precision: 0.9718297291527784
Recall: 0.9919847031448843
Specificity: 0.964531705639993
Train_loss: 0.000612042402153205
Val_loss: 0.11594141857499182
